128 32 10
0.039034 -0.086550 0.039628 0.169138 -0.004550 0.041351 0.049166 -0.019261 -0.007879 0.078362 -0.086268 0.037662 -0.038017 0.070096 0.019883 0.110103 -0.034334 0.002897 0.023587 0.045655 0.042147 -0.062997 -0.132965 -0.046476 0.137071 0.006222 0.047707 -0.046594 0.107303 0.121457 0.173751 -0.142352 
0.000978 -0.002863 0.196723 0.056907 0.170757 0.012920 0.004710 -0.059334 -0.053576 0.144427 -0.003440 -0.152674 0.089509 0.119118 0.052868 -0.033642 -0.111372 -0.059071 -0.026969 0.027997 -0.023635 -0.060101 -0.082253 -0.116708 -0.000831 -0.148408 0.075043 -0.134266 0.233019 0.054164 -0.034394 -0.044689 
-0.006885 -0.040497 -0.096028 0.051992 -0.016140 0.078417 -0.068572 -0.140009 0.077540 -0.134625 -0.089693 -0.005167 -0.068653 -0.089167 0.138589 -0.132964 0.077026 0.004238 0.125752 -0.084468 0.139429 -0.199870 -0.150290 0.094184 -0.040969 -0.023961 -0.172871 0.147613 0.095796 0.145565 -0.124915 0.097759 
0.050580 0.151447 0.130656 -0.019729 -0.119307 0.128673 0.107160 -0.172625 -0.005900 -0.095600 0.118102 0.080362 -0.058585 -0.027313 0.050395 -0.331311 0.145135 0.024420 0.055618 0.148881 -0.143320 0.200698 -0.043757 -0.083192 -0.019051 -0.083135 0.020727 -0.082611 0.123048 0.012835 0.053158 -0.026668 
-0.052129 -0.008985 -0.277024 -0.137100 -0.004708 0.069320 -0.078702 -0.028927 -0.008333 -0.109294 0.119293 -0.064685 0.039238 0.216203 0.006310 -0.153010 0.133591 0.139093 0.050426 -0.002840 0.023126 0.024619 -0.016916 0.003980 -0.105245 -0.137267 -0.081251 0.089668 -0.020996 -0.179072 -0.186535 0.115698 
-0.038051 -0.069644 0.135101 -0.099668 -0.088148 -0.086428 -0.051217 -0.013528 -0.033371 0.009050 -0.113267 0.158733 0.051100 -0.008297 0.038230 0.088988 -0.029054 0.020768 0.061716 -0.153775 -0.108701 0.102768 0.075767 0.096236 0.003651 -0.048179 -0.064889 0.077423 -0.084128 0.281517 -0.039460 -0.015275 
0.114163 0.056323 -0.182266 0.114333 0.170580 0.010398 -0.100263 0.103334 0.051758 0.017031 -0.024395 0.112512 0.157987 -0.070282 0.102013 -0.088786 0.087158 0.060393 0.059702 -0.158859 -0.233001 0.013989 0.021073 -0.007981 -0.079643 0.119331 0.008586 -0.019520 -0.058899 0.085585 0.148660 0.055642 
-0.029970 -0.007877 -0.066087 -0.069814 -0.230455 -0.040393 0.075680 -0.080140 0.018810 -0.055919 -0.051465 -0.105867 -0.090043 0.131141 -0.067398 -0.036997 0.023718 0.009536 -0.084653 -0.091904 -0.247982 0.161256 -0.096948 0.013731 -0.111196 0.101145 0.127740 0.263980 0.108307 -0.162272 0.076823 -0.006553 
-0.088578 -0.039128 -0.025187 -0.053264 0.032837 0.024351 0.041515 0.044976 -0.120156 0.063426 -0.111197 -0.045632 0.103359 -0.011183 0.065177 -0.121224 0.043252 -0.215825 0.105577 0.029329 -0.063708 -0.136013 0.113378 -0.006234 -0.137123 -0.045852 0.088241 0.017033 -0.153459 0.000861 0.049091 -0.027851 
0.046296 0.085985 0.027628 0.051804 -0.023810 -0.107875 0.030697 0.013600 0.106811 0.159997 -0.096285 -0.001372 -0.028210 -0.013231 0.163431 -0.017819 0.115047 0.033490 0.038962 0.014800 0.025672 -0.069819 -0.213272 0.057047 0.043549 -0.019215 0.233471 -0.051762 0.219523 0.108521 -0.014845 -0.056401 
-0.018406 -0.018079 0.044012 -0.038594 -0.012431 0.097526 -0.089179 0.249660 0.038614 0.088426 0.032605 0.061255 0.239625 0.078413 0.032661 0.043365 -0.020185 -0.137801 0.041492 -0.050881 0.038047 -0.082272 -0.008127 0.060010 -0.061288 0.160615 0.051121 -0.007109 0.040697 0.038669 0.112564 -0.049886 
0.064024 0.010475 0.081670 -0.114094 0.004647 -0.061205 0.087866 0.084068 0.158890 0.004061 -0.044448 -0.022869 -0.030142 -0.061523 -0.170495 -0.109908 -0.090345 0.136209 -0.058120 0.097876 -0.050433 0.076574 0.000803 -0.062010 -0.023598 -0.032721 -0.010196 0.131226 0.257651 0.176124 -0.021790 -0.017065 
0.057764 0.148741 -0.205308 0.026145 -0.005804 -0.075396 0.047730 0.125053 0.056266 -0.058376 0.043464 0.181894 0.078421 0.116976 0.112779 0.062313 -0.073875 0.037096 -0.120761 0.024798 -0.049258 0.077917 -0.001029 -0.071458 0.004112 0.000501 0.010374 0.132168 -0.258048 -0.025579 0.077328 -0.073692 
-0.171666 0.071322 0.029853 -0.089630 -0.095786 0.115959 0.036465 0.108179 -0.081860 0.070202 -0.060631 0.035151 0.063665 -0.094715 -0.034636 -0.164822 -0.085384 -0.143908 -0.009668 0.019305 -0.171090 0.144249 -0.166342 -0.018725 -0.016073 0.047271 -0.065926 -0.009228 -0.038550 -0.055482 -0.025342 0.206768 
-0.104895 0.078269 -0.007976 -0.063375 0.042769 0.089797 0.060623 -0.087514 -0.101794 -0.045958 0.015687 -0.069205 -0.025023 0.001474 -0.128826 -0.064914 0.034533 0.026390 -0.155982 0.035225 0.083281 0.022487 -0.010849 0.039014 -0.015840 0.080329 -0.130880 -0.157828 -0.045983 0.070922 -0.068645 -0.045992 
0.137753 -0.021853 -0.022361 -0.193441 0.066226 -0.171667 0.057934 -0.017284 -0.006796 -0.002871 0.091943 -0.099129 -0.149420 -0.133530 -0.016893 -0.052533 -0.075336 -0.047219 -0.359698 0.120931 -0.160753 -0.070650 0.151357 0.075268 0.114575 -0.110360 0.101577 -0.059088 -0.083083 0.166470 0.023486 0.067444 
0.009839 -0.150901 -0.205143 -0.152141 -0.159833 -0.009352 0.158987 0.051105 0.014782 0.091036 -0.061396 0.065033 0.002465 0.017012 -0.117946 0.023986 0.062053 0.149708 -0.045888 -0.057488 -0.182837 -0.043653 0.173742 -0.006116 0.155672 0.008544 -0.070196 0.158868 -0.012625 -0.009669 -0.071882 -0.160409 
-0.225804 -0.029767 -0.069535 -0.076050 -0.109116 -0.076180 -0.141998 -0.212532 0.041098 -0.003418 0.007254 -0.046117 -0.051755 -0.031522 -0.027412 0.157525 0.003632 -0.100229 0.091584 -0.022536 -0.030003 -0.131655 -0.073806 0.080213 -0.075269 0.176434 -0.011378 -0.031096 -0.028048 -0.020543 -0.014786 0.052906 
-0.102564 0.001348 -0.021010 -0.183960 -0.080593 0.108086 0.112722 -0.008594 -0.031530 -0.148713 0.075578 0.029682 0.161599 -0.153059 -0.072798 0.036207 0.042357 -0.045353 -0.001370 0.096827 -0.037742 0.059654 -0.097401 0.075380 0.045839 0.069269 0.200940 0.008973 -0.095468 0.075176 0.034542 0.110452 
0.053326 -0.113599 -0.004531 0.128244 -0.050703 -0.099054 0.153975 -0.179672 -0.164020 0.095120 -0.180309 0.115144 0.011139 -0.064743 0.214372 0.033698 -0.055968 -0.163415 0.092727 -0.027936 0.035438 0.056436 0.033886 -0.047915 0.053753 0.111567 0.043248 -0.130368 0.215506 -0.032124 0.054098 0.189890 
0.207645 -0.016916 -0.120870 -0.069880 0.010911 -0.028286 0.127821 -0.070635 0.060553 0.186597 0.097627 -0.057734 0.023617 -0.129370 0.245555 -0.006073 -0.032574 -0.010131 -0.077813 0.043743 -0.006684 -0.004865 0.145290 0.025169 0.123937 0.091403 0.083398 -0.111507 -0.017896 -0.135462 -0.066689 0.056796 
-0.136584 0.009133 0.013959 -0.033536 0.048826 0.123858 0.130987 -0.090711 0.092658 0.097335 -0.230274 0.117877 0.080609 -0.202923 -0.215157 -0.105126 0.087186 0.103955 -0.038056 0.078729 -0.068715 0.037295 0.056223 0.105405 -0.013513 -0.111240 -0.063449 0.046322 -0.209777 0.009849 -0.207500 -0.010453 
0.078236 0.165324 -0.118755 -0.076664 -0.017473 0.117511 0.132306 -0.058415 0.009824 -0.081580 0.040558 -0.137492 0.017889 -0.018706 0.093135 -0.074170 0.017675 -0.142411 0.123835 -0.019527 -0.078900 0.022339 0.085659 0.098267 -0.070623 -0.115546 -0.104079 0.004015 0.016781 0.018922 -0.086248 -0.102373 
-0.093052 0.103935 0.136467 -0.096192 -0.007532 -0.185585 0.042429 -0.193964 -0.063565 -0.052998 -0.043587 -0.202551 -0.041263 -0.123611 0.083255 0.136758 -0.178604 0.085794 0.047368 -0.153939 -0.101672 -0.032696 -0.100867 0.192883 -0.054603 -0.037873 0.098757 0.053687 -0.019079 -0.084478 -0.114312 -0.123392 
0.039688 0.173202 -0.114236 -0.021103 -0.119087 -0.007894 -0.044131 -0.042425 -0.028730 0.059448 -0.003478 0.038030 -0.043957 -0.191396 0.124509 0.183702 -0.060963 -0.094158 0.121326 -0.181513 0.019783 -0.100846 -0.134363 -0.125945 0.009349 0.141282 0.036000 -0.060571 0.061611 -0.152253 -0.052877 0.103722 
-0.165595 0.068720 0.054204 -0.028350 0.084924 -0.082447 -0.090879 0.207134 0.075108 0.023398 -0.052804 0.053494 0.053350 -0.039679 -0.047025 0.249018 0.252051 0.049179 -0.127756 0.094778 -0.132707 0.106119 0.094239 -0.036528 -0.050815 0.056967 0.062144 -0.063510 0.155518 -0.111052 -0.163546 0.092727 
0.081212 0.103806 0.094156 0.001646 0.025712 -0.003802 -0.150404 0.055950 -0.156647 0.045866 0.101935 -0.067283 -0.043295 0.010889 0.167140 -0.043219 0.009883 -0.022406 -0.030326 0.124890 0.023849 -0.123798 0.123978 0.032497 0.039568 0.100698 0.012267 0.060936 0.190297 -0.031207 0.055220 0.146483 
-0.099127 0.018094 0.045830 -0.181472 0.093078 -0.073968 0.157386 -0.187363 0.000825 -0.039656 -0.039200 -0.099552 -0.129078 -0.099705 -0.023246 -0.003164 0.010221 -0.053184 0.073495 -0.072019 -0.153565 -0.029366 0.233472 0.078662 -0.058687 0.046655 0.039307 -0.064045 -0.102274 -0.142781 0.186754 0.191622 
-0.119654 -0.050170 -0.051623 -0.103953 0.089959 -0.062079 -0.084936 -0.041394 0.024621 -0.135078 0.032370 -0.034851 -0.006377 -0.179073 -0.044684 0.070457 0.070213 -0.030906 -0.063907 0.043804 0.054043 0.064939 -0.022612 -0.103153 0.036877 -0.102039 0.112033 -0.179895 0.075507 -0.017569 0.112621 -0.025863 
-0.017925 0.004143 -0.020614 0.057774 0.007859 0.064830 -0.136969 -0.014413 0.035847 -0.164891 0.226996 0.028805 -0.012594 -0.076578 -0.104380 -0.193476 0.057552 -0.098793 0.107699 0.005019 0.128383 -0.035441 -0.072741 -0.080942 -0.135471 -0.077705 -0.005791 -0.106502 -0.101883 0.045219 -0.006335 0.150164 
-0.067850 -0.140866 -0.013791 0.006048 0.105899 -0.191455 0.053317 -0.077870 0.041899 -0.021468 0.056751 0.022686 0.006928 0.290359 0.010923 -0.045895 -0.061356 -0.160083 0.079310 -0.063957 0.001694 0.134494 0.033461 -0.156612 -0.231064 -0.049625 -0.020486 0.116948 0.069469 0.152403 -0.031365 0.115918 
-0.114583 -0.102257 0.182051 -0.026307 -0.005840 -0.095612 -0.087252 0.022951 -0.057645 -0.044670 -0.004882 0.010030 0.000232 0.093041 0.007588 0.001102 -0.081411 -0.086602 -0.053555 0.007986 0.122187 -0.114533 0.118904 -0.019779 0.043698 -0.068266 0.084693 -0.036744 0.021222 0.019890 -0.037140 -0.074775 
-0.066704 0.162587 -0.098164 0.062881 0.008737 0.051167 -0.087733 -0.061558 0.038200 -0.043566 -0.178636 -0.174672 -0.114813 -0.155450 0.015134 0.030368 -0.087003 -0.182592 -0.026082 0.011643 0.044266 0.173203 -0.032666 0.025412 -0.013606 0.098288 -0.024119 0.011160 -0.097551 -0.128568 0.119949 -0.150905 
-0.030010 -0.127702 0.075345 0.052942 -0.077881 -0.061656 -0.055468 0.244771 0.117684 0.280068 0.022782 0.082556 0.090029 -0.048060 0.080299 0.166022 -0.092533 -0.042513 -0.148040 0.128435 0.083352 -0.008645 0.056614 0.050988 -0.055288 -0.016606 -0.081856 0.045108 0.177665 0.016962 -0.015946 -0.126875 
0.108354 0.026750 -0.016848 -0.194295 -0.228272 -0.043452 -0.008641 -0.052468 0.132461 0.076662 -0.099831 -0.051298 -0.139602 -0.069000 -0.027101 0.016695 -0.068050 -0.073843 0.091196 -0.110257 0.193379 -0.074143 0.051602 0.120268 0.042932 0.018438 0.061973 0.087127 -0.016451 0.084580 0.071250 -0.124285 
0.035999 -0.046502 -0.054926 0.193151 0.105248 0.120481 0.139711 -0.196731 -0.034375 -0.061788 -0.098532 -0.013471 -0.126602 0.062478 -0.131104 0.076208 -0.062342 -0.049617 -0.000018 -0.065902 -0.116373 -0.103096 -0.087919 0.147696 0.051912 0.004939 -0.120769 0.000848 0.051481 -0.062962 0.085333 -0.060317 
-0.032055 0.014188 0.102334 0.036444 0.001940 0.110081 0.178115 -0.237874 -0.050668 0.021761 -0.095013 -0.103482 0.184680 0.135015 -0.134963 0.011539 0.009379 0.017410 0.052217 -0.279923 -0.009918 0.040981 0.014247 0.020025 0.140796 -0.041402 -0.155345 0.015051 -0.055010 0.112494 -0.070163 0.013326 
-0.078989 0.141251 -0.172167 -0.026486 -0.165842 0.107583 0.113588 -0.160577 -0.133574 0.018918 0.065532 0.066163 0.156576 0.104407 0.166385 0.019133 0.087170 0.011216 -0.073790 -0.049940 -0.088635 -0.066755 -0.062671 0.047989 -0.114508 0.083780 -0.019434 0.174307 -0.008646 -0.023815 0.021589 0.096557 
0.167146 -0.021597 0.135934 -0.178593 0.165900 -0.031125 0.171974 0.141520 0.249749 -0.037155 -0.093460 0.155692 0.088673 0.089684 -0.163542 -0.032011 -0.010702 -0.069030 0.149852 0.073884 0.067020 -0.099708 -0.059915 0.097751 -0.023985 0.129346 0.171234 -0.008976 -0.059620 -0.116620 -0.122227 0.091622 
-0.014469 0.104686 0.089611 -0.130435 0.028942 -0.024251 0.106782 -0.020118 -0.012446 0.039419 -0.053782 -0.061303 0.143617 -0.058265 -0.078677 -0.110049 0.016620 0.042786 0.051159 -0.052995 0.171619 0.186852 0.041263 0.077893 -0.035362 0.117650 0.112778 0.119333 -0.022017 -0.090525 0.086680 -0.070150 
-0.018507 0.106279 -0.057804 -0.086349 -0.074966 -0.004462 0.005887 -0.111949 -0.007261 0.095082 0.033441 0.085410 -0.006468 0.192239 -0.032580 -0.096382 -0.009292 -0.043442 -0.015990 -0.232816 -0.083816 -0.062102 0.080462 -0.087785 0.113398 0.090310 0.019821 -0.000748 0.080467 0.000796 -0.067612 -0.159872 
0.254231 0.127897 0.031434 0.157712 -0.023244 -0.125382 0.069041 -0.029965 -0.147114 -0.008896 -0.006760 -0.074601 -0.046472 0.218194 0.109135 0.095559 -0.090885 -0.105094 0.042474 0.052303 -0.036305 -0.089031 0.072852 0.065270 0.039363 -0.078964 0.084423 0.225952 0.037819 -0.051324 0.017164 0.024068 
0.080653 0.205051 -0.001094 0.018699 0.045994 -0.105543 0.050823 -0.073153 0.021342 0.157364 0.042385 -0.031199 0.010327 -0.026204 -0.100398 -0.021299 -0.024269 -0.147342 -0.052823 0.100069 0.149661 0.040626 -0.100243 -0.027345 -0.042501 -0.091770 0.178366 -0.029839 0.075183 -0.064114 -0.038202 0.041297 
0.271713 -0.082011 0.016214 -0.246335 -0.077076 -0.113609 -0.058782 0.085435 0.137302 0.081030 0.005210 0.115435 0.020833 -0.016447 0.101944 0.049046 -0.155598 -0.049548 -0.106543 -0.089043 -0.037674 0.030162 -0.131623 -0.179738 0.042865 -0.214020 -0.022013 0.054685 0.014540 -0.022131 -0.106392 -0.058965 
0.020106 0.011642 -0.102579 0.017244 -0.235224 -0.105630 -0.017245 0.150291 0.046864 0.086948 -0.137827 -0.028824 -0.130273 0.128058 -0.025426 -0.095146 0.080024 -0.145912 -0.159834 -0.074538 -0.052694 0.068559 -0.042350 0.046742 -0.038291 -0.037056 -0.017209 0.046505 -0.071366 -0.016917 0.085210 -0.009171 
-0.076429 0.070891 -0.008528 -0.069310 -0.077257 0.004577 0.045545 -0.343515 -0.069734 -0.109534 -0.276263 -0.070571 0.091336 0.266343 -0.257314 -0.156186 0.094760 -0.057354 0.053577 -0.028897 0.073629 -0.196037 0.009282 0.013752 -0.001328 -0.028065 -0.150848 0.135206 -0.040161 -0.046993 0.078705 0.080735 
-0.120655 -0.027198 0.094287 -0.033058 0.149259 0.142697 0.022856 -0.151532 0.008135 0.014684 0.131682 0.001345 0.000046 0.055927 0.054178 -0.261769 0.091952 -0.089747 0.096675 -0.017980 0.117191 0.038990 -0.101557 -0.030457 0.001540 0.059791 -0.077661 0.169551 -0.021335 -0.065241 -0.022834 0.081017 
-0.127542 0.011965 -0.003712 0.154167 0.048992 0.230951 0.124024 -0.072039 0.042846 -0.038889 -0.002597 0.123597 0.023983 -0.068609 -0.021637 0.000055 -0.043807 -0.080441 -0.075015 0.034962 0.075535 -0.047126 0.214613 -0.071859 -0.035833 0.061044 -0.201450 0.026638 -0.092484 0.136118 -0.051546 -0.209414 
-0.108766 0.201980 -0.092313 -0.080806 0.068723 -0.043158 -0.078182 0.164074 -0.003586 -0.185050 0.133762 0.094697 0.055115 -0.019097 0.041318 -0.067381 -0.037641 0.011548 0.106345 0.115090 -0.085635 0.005667 0.068239 0.050855 -0.024325 0.030813 -0.089720 -0.036334 -0.002542 0.164281 -0.205979 0.079620 
-0.085533 0.145465 -0.034822 0.052238 0.141296 -0.003711 0.073081 -0.019538 0.072080 0.019821 -0.088589 0.069697 -0.077594 -0.073104 -0.007404 -0.030285 -0.072288 -0.011424 -0.053623 -0.044629 0.133378 0.153191 -0.210774 0.056864 0.025417 -0.111482 -0.099873 0.022113 0.121862 -0.027348 -0.090239 0.033055 
-0.032733 0.032786 -0.142048 -0.044606 0.012388 0.057359 -0.152458 0.095516 -0.056422 -0.124953 0.144343 0.019086 0.066697 0.048222 0.211037 -0.035708 0.057250 -0.238728 -0.173989 0.090833 -0.008379 -0.012868 -0.133479 -0.137319 -0.136944 0.126448 0.133197 0.112223 -0.013347 0.243874 0.114517 0.147532 
0.110570 -0.137606 -0.161139 -0.096029 0.033332 0.187034 0.139386 -0.150144 0.092768 0.060979 -0.034086 -0.011213 0.148564 -0.053316 -0.165477 -0.138229 -0.224633 0.048847 -0.091945 -0.017257 -0.108753 0.078945 -0.150243 0.101603 -0.000847 0.102298 0.151937 0.028728 0.016106 0.000357 0.105706 0.066297 
-0.112376 0.010742 -0.148447 -0.159118 0.009055 0.013520 0.010236 0.021904 0.128767 0.010274 0.070336 0.089148 0.015919 -0.093993 -0.026444 0.083482 0.099767 0.184256 -0.099876 0.126629 0.006417 0.097793 -0.018503 -0.298278 -0.078582 -0.013224 0.129735 -0.100098 0.133672 -0.082082 -0.177110 0.097843 
0.088475 -0.199502 0.058209 -0.030244 0.026011 -0.164870 0.097348 0.033876 0.249308 0.014718 -0.019506 0.001673 -0.020043 0.203570 -0.131516 -0.195000 -0.125450 -0.076264 0.145481 0.005038 -0.019238 0.047010 -0.090477 0.007230 -0.004572 -0.118315 -0.039733 0.029492 0.032306 -0.108776 0.133165 -0.082363 
0.029609 -0.112845 0.142118 0.025798 0.005129 -0.063209 0.021349 0.130165 -0.035684 0.121073 -0.065225 -0.205061 0.104962 0.108352 0.088174 -0.100160 0.009608 -0.154662 -0.058334 -0.046581 -0.011713 -0.029519 -0.051943 -0.152901 -0.194612 0.060989 -0.009609 0.201038 0.062868 0.050228 -0.055632 0.059153 
0.106033 -0.031852 -0.067825 -0.050879 -0.008344 0.032480 -0.067339 0.015702 0.081479 -0.066927 -0.002252 0.042591 0.033336 -0.329686 0.009010 0.144277 -0.021159 0.055988 0.135190 0.018406 0.069576 -0.132932 -0.079894 0.071822 -0.088496 0.087899 0.082259 -0.006152 -0.050755 0.007192 0.091031 -0.053148 
-0.092625 -0.050980 0.149997 -0.101510 -0.050275 0.008114 -0.148089 -0.086191 0.189586 0.054846 0.036852 0.051212 -0.002257 -0.098282 0.042017 -0.106385 0.117639 0.097087 0.052027 0.122552 -0.006336 0.055105 0.005768 -0.002080 0.107106 0.103478 -0.095780 -0.077177 0.085945 0.190919 0.032433 0.122875 
-0.017971 0.153774 -0.084300 -0.085296 -0.190737 0.087149 -0.037669 -0.107295 0.000663 -0.076635 0.072837 0.127541 0.076032 0.129525 -0.055032 0.072184 0.038494 -0.118973 0.058949 0.041856 -0.077701 0.088808 -0.004104 0.122174 -0.139516 0.032455 0.014050 0.093163 -0.096758 -0.074806 -0.080657 -0.073219 
-0.017216 -0.108685 0.085469 0.002020 -0.244235 -0.173895 0.144183 -0.048649 0.071973 0.107941 -0.112187 0.085835 0.059792 -0.074968 0.070289 0.004236 -0.028093 -0.061448 0.134654 0.020131 -0.037357 0.133452 0.047325 -0.159075 -0.173061 0.094445 0.147366 -0.018252 0.020539 0.180642 -0.058588 -0.185417 
-0.050424 0.019571 -0.103678 0.067926 -0.033494 0.022379 -0.082716 0.025404 -0.095862 -0.287352 0.017208 -0.166802 0.012473 0.039101 0.141608 -0.053839 -0.073122 0.103591 -0.066071 -0.000775 -0.158535 0.058637 0.092467 -0.164968 -0.088291 -0.118811 -0.138383 -0.049081 -0.096790 -0.124163 0.112008 -0.214574 
0.004816 0.063600 -0.147543 -0.122010 -0.089689 0.009909 0.023114 0.004577 0.060153 -0.038511 0.126604 0.039576 0.083045 0.078237 -0.016707 0.003546 -0.033622 -0.066107 -0.007331 0.047045 0.015218 0.150150 0.014814 0.091817 0.020577 -0.015430 -0.013295 -0.017539 -0.028356 -0.103100 0.091766 0.017988 
-0.027982 -0.093181 -0.067853 0.093604 -0.087924 -0.066548 0.069624 0.063860 -0.014580 -0.024538 -0.055918 -0.170563 -0.124078 -0.071658 0.076643 -0.081663 -0.008397 0.058031 -0.073065 0.052764 -0.084797 -0.121482 0.093753 -0.003457 -0.099488 0.028898 -0.138550 -0.077929 0.130516 -0.239829 0.069709 -0.054056 
-0.053696 -0.060930 0.065876 -0.067268 -0.086484 0.023647 -0.059807 0.066204 0.125399 -0.052209 -0.049183 0.030746 0.037588 0.056276 0.008945 0.127314 0.065661 0.027916 -0.064771 0.014483 -0.043081 0.192917 0.262032 -0.119020 -0.185153 0.163823 0.276346 -0.231348 0.083276 0.084674 -0.071253 0.240407 
-0.022311 -0.106324 -0.022907 -0.111286 -0.108753 -0.135323 -0.111807 0.094953 -0.045541 -0.111795 -0.025378 -0.004198 -0.119831 -0.031765 -0.086903 0.132556 -0.089979 -0.072683 -0.117433 -0.225733 0.039682 -0.037527 -0.137717 0.055649 0.059299 -0.058733 -0.116803 0.118695 -0.062474 0.008725 0.029532 0.000280 
-0.122360 -0.000945 -0.057464 -0.029421 0.027872 -0.007099 -0.111926 -0.043190 -0.105775 0.042727 0.021891 0.038751 0.075848 0.002786 -0.000562 -0.016097 0.059926 -0.057273 0.072519 -0.046431 0.029709 -0.004290 -0.019344 0.010176 -0.156679 0.167302 0.089752 0.073324 0.209444 -0.164304 -0.241248 0.048938 
0.062196 0.173086 0.023866 -0.042648 0.119069 0.044089 0.144759 0.004854 -0.129561 0.102840 0.098996 -0.059009 -0.094725 -0.083220 0.069980 0.149933 -0.026865 0.022764 0.023994 -0.138752 0.108900 0.016433 -0.012838 0.193463 0.260620 -0.083941 0.008436 0.077816 -0.044671 -0.120158 0.080199 -0.211972 
-0.026970 -0.142505 0.047199 -0.115538 0.003965 0.157304 -0.160057 -0.089075 0.162020 0.008892 -0.048815 0.103800 -0.034200 0.035988 0.054054 -0.157595 -0.116872 0.093770 -0.133418 0.116903 0.135644 0.005140 0.055881 -0.076472 0.125604 0.084787 0.014025 0.019193 -0.069629 -0.188093 0.075748 0.002839 
0.074897 -0.084992 0.038013 0.059828 0.131304 0.153864 -0.002000 -0.168289 -0.084492 0.043378 0.171727 0.014436 -0.027917 0.011197 0.091812 0.010688 0.094942 0.097236 -0.131484 -0.030556 0.067888 0.086652 0.111191 -0.000372 -0.134009 -0.060024 -0.097367 -0.065678 0.109126 0.169576 0.038393 -0.092616 
-0.194586 0.050721 0.133008 0.013081 -0.097395 0.004881 -0.005023 0.020276 0.208468 -0.066543 0.059333 -0.210700 0.105771 -0.070249 -0.189708 -0.072124 -0.064705 0.100688 -0.031090 -0.013051 -0.007073 0.105757 0.048724 0.072791 -0.029457 0.272525 -0.086906 -0.098713 0.018268 -0.047167 0.008319 0.130016 
0.171824 0.169375 0.002264 -0.260833 -0.225610 0.039473 0.070654 -0.126086 -0.102862 0.065134 -0.030155 -0.009023 -0.003613 0.137861 -0.168448 0.045272 -0.066712 0.034794 -0.130491 -0.148019 0.100894 -0.122765 -0.044938 0.087333 -0.040955 -0.093177 -0.098009 -0.124594 0.141934 -0.193504 -0.043191 -0.061113 
0.244272 -0.025618 0.105808 0.037339 0.010498 -0.127454 -0.022888 -0.124543 -0.007214 -0.239660 0.083276 -0.189906 -0.009611 -0.067559 0.047165 0.020735 -0.012907 -0.032920 0.045173 -0.054151 0.009826 -0.050840 -0.020010 0.060003 -0.136020 -0.012950 -0.000884 -0.210749 0.215889 -0.024762 -0.003025 -0.038834 
-0.060650 -0.059108 -0.068785 0.129664 -0.066204 0.211158 -0.076423 -0.001685 0.005534 -0.129698 0.135876 0.065377 0.071165 -0.026483 0.106830 -0.002496 0.133346 -0.017000 0.257091 0.047307 -0.030439 -0.029138 0.003417 0.138960 0.000822 -0.046345 -0.012880 -0.161915 -0.100096 -0.116555 -0.105022 0.048969 
0.089162 -0.013505 -0.239800 -0.010664 0.008124 -0.120368 0.063198 0.011862 -0.115328 0.035066 0.015003 -0.058037 0.025328 -0.240522 -0.052393 -0.151710 -0.007078 0.052137 -0.019520 -0.005985 -0.034019 0.031355 0.125238 0.066664 0.019494 -0.109211 0.063688 -0.022660 0.075833 0.005691 0.160686 -0.128948 
-0.148413 -0.124658 0.049866 0.012588 0.124439 -0.149941 0.129389 0.071119 0.213221 -0.047389 0.079444 -0.108179 -0.089428 0.062831 0.000196 -0.065003 -0.040660 -0.044945 0.062709 0.019577 -0.068794 -0.075384 0.007953 0.034478 0.165770 0.112373 -0.021174 0.025059 -0.207952 0.030928 -0.094844 -0.138810 
0.066221 0.114322 0.050386 -0.046192 0.209898 0.078935 0.081149 -0.131029 -0.095812 -0.158462 0.073397 -0.177825 0.040477 0.087590 -0.064555 -0.163670 0.043317 0.132400 -0.123807 -0.196733 -0.039140 -0.082299 -0.015760 -0.083509 -0.075193 0.166029 0.021432 -0.096455 0.124527 0.188555 0.065007 0.042133 
-0.085524 -0.017279 0.022084 -0.028216 -0.016667 -0.042626 0.139927 0.114817 -0.067639 0.067113 0.226714 -0.092849 0.130945 0.089679 -0.054161 -0.252994 -0.064396 0.028602 0.037884 0.067605 -0.052371 -0.040014 -0.018036 -0.043555 0.112853 -0.006139 0.010352 -0.047112 0.143689 -0.002026 0.078163 -0.041657 
0.132257 -0.142895 -0.051145 0.180914 0.024334 0.021062 -0.063706 0.060229 -0.100937 -0.075105 0.003790 -0.053557 -0.111194 0.095612 -0.100391 -0.022619 -0.113793 -0.057701 -0.001058 0.179904 0.114163 0.153642 -0.201515 0.000153 -0.130803 0.009367 0.020580 0.022982 -0.075343 0.090750 -0.298684 0.073599 
-0.031098 -0.199664 -0.001800 -0.019642 0.085044 0.027394 0.042503 -0.002192 -0.007692 0.130227 0.093552 -0.108145 0.018390 0.003514 0.208735 0.160112 -0.142532 0.180568 -0.056539 0.025164 0.091952 0.151396 0.102193 0.060989 0.030220 -0.044369 0.116601 -0.145554 0.040552 0.022107 0.085147 -0.027113 
0.026238 -0.049332 -0.101473 -0.099252 0.019513 -0.064816 0.028728 -0.036366 -0.017629 -0.038843 -0.058458 0.000377 -0.101820 -0.018780 0.043109 -0.069500 0.078648 -0.041908 -0.111361 -0.053276 0.040814 -0.025374 -0.150154 -0.050981 0.133733 0.232941 -0.011600 0.168524 0.063936 0.053519 0.011795 -0.137229 
0.038594 -0.066045 -0.015242 0.089689 -0.046332 -0.024205 0.097925 -0.023471 -0.086665 -0.153894 -0.052166 0.034613 -0.028860 0.039927 -0.021343 -0.009184 0.130673 -0.166142 -0.023605 -0.048585 0.151943 -0.023907 0.035318 0.181557 -0.011057 -0.111129 -0.208001 -0.149895 -0.076638 0.076690 -0.062430 0.272471 
0.132885 -0.000228 -0.080273 -0.108355 0.070922 0.004596 -0.046551 -0.041215 -0.059089 -0.040009 -0.114375 0.075402 -0.015382 0.060930 -0.010194 0.061433 -0.005199 0.009541 -0.044519 0.073415 0.034126 0.269961 -0.016396 -0.216903 -0.038884 0.054647 0.073996 -0.041966 0.006632 -0.056235 0.044062 -0.025708 
-0.122550 0.060948 0.132613 -0.044127 0.054037 0.041324 -0.037893 0.072862 0.108634 -0.070277 0.001850 0.177035 0.232969 -0.220820 0.115505 -0.012336 0.111223 0.146270 -0.159545 0.045101 0.069088 0.003192 0.049472 0.055484 0.008008 -0.185392 0.153623 -0.118124 0.062751 0.100877 0.002905 0.007623 
-0.051885 0.125091 -0.103819 -0.077256 0.072543 0.091877 -0.052346 -0.202221 0.050240 -0.050948 0.045688 0.095142 0.157868 -0.010934 -0.050287 -0.061189 0.203369 -0.155230 -0.018859 0.086822 -0.103334 0.151933 0.092446 0.044219 0.047186 -0.069758 -0.099251 0.012884 -0.120440 -0.122940 -0.055070 -0.025769 
0.048707 0.054229 -0.029161 0.059447 -0.019128 0.140840 -0.050518 0.205213 0.079092 0.197753 -0.058383 -0.128751 -0.022048 0.064025 0.068881 -0.046888 0.058335 -0.032875 0.080922 0.089613 -0.046061 -0.166085 0.023550 -0.011959 0.014377 -0.050641 -0.089544 -0.027701 -0.064290 -0.019183 0.236421 0.132705 
0.112140 -0.066508 0.000604 -0.135496 0.053746 0.077605 0.036539 0.152874 -0.101029 0.176543 -0.074025 0.078118 0.141860 0.037251 -0.020735 0.036583 0.097261 0.054811 -0.042319 0.112827 0.027543 -0.139552 -0.067358 -0.114178 0.036214 0.077536 -0.205688 0.047616 0.041719 -0.012058 -0.051771 -0.128379 
-0.080697 0.068584 -0.005866 -0.010530 -0.125818 -0.065738 0.118222 -0.104732 -0.072523 0.132569 -0.118623 -0.085710 0.167404 0.035958 -0.020743 0.171157 -0.049537 -0.076987 0.024312 -0.212009 -0.013505 -0.028184 0.108240 -0.012003 0.052687 0.091481 0.051026 0.061372 0.049662 -0.071330 0.125904 -0.094356 
-0.193688 -0.155143 -0.030546 0.086832 -0.073575 0.021841 0.120033 0.045972 0.118229 0.079983 -0.147817 -0.156984 -0.071742 -0.086645 0.138703 -0.293969 -0.023376 0.057402 0.069183 -0.157923 0.069725 0.162613 0.063416 -0.043494 0.144320 0.158645 -0.073903 -0.190805 -0.000650 -0.056444 0.012998 0.207266 
-0.109603 0.089241 -0.056903 -0.142515 -0.015551 0.162196 -0.154501 -0.095273 0.016876 -0.031319 0.015326 -0.089770 0.018005 0.068134 0.019393 -0.028892 0.117544 -0.048423 -0.232843 0.101374 -0.020907 -0.110762 0.064223 -0.043639 0.086141 0.048205 -0.080357 0.007072 -0.034860 0.123444 0.007939 0.030292 
0.054342 0.042108 0.019756 0.023042 -0.092502 0.207987 -0.032733 -0.054810 0.157091 0.066225 -0.176992 0.068775 0.073344 -0.054194 -0.169622 -0.087772 0.061641 0.056895 -0.068187 0.156959 -0.060406 0.108106 -0.074792 -0.007231 0.023028 -0.077670 0.128897 -0.061612 -0.021534 -0.017842 -0.059587 -0.175049 
-0.118684 -0.016253 0.007466 0.060462 -0.132657 -0.045553 0.009871 -0.012912 0.044517 -0.032519 0.034271 0.017736 0.080447 0.220414 0.091883 -0.036786 0.051015 0.096045 -0.099203 -0.003963 -0.186483 -0.153222 -0.181611 -0.117148 0.066689 -0.109014 -0.165091 -0.025406 0.056382 0.088818 -0.013362 -0.008827 
-0.024263 -0.120234 -0.095845 -0.132235 0.138509 0.183067 -0.042741 -0.180982 0.046019 -0.050792 0.080163 0.048824 0.149263 0.099379 -0.067570 0.146331 0.129413 -0.012667 -0.152354 0.078459 0.028271 -0.008107 0.024379 0.083020 -0.015922 -0.097022 -0.153697 -0.041034 -0.168975 -0.008819 0.005269 0.032381 
-0.031062 0.073292 0.142729 -0.148779 0.035551 -0.119868 -0.093915 -0.028838 0.033585 0.130224 -0.166488 0.053005 0.160015 0.089202 0.197612 0.013384 -0.117160 -0.065518 0.111372 0.004199 -0.066147 0.092622 0.097307 0.160926 0.028076 -0.071708 0.050012 -0.011533 -0.197280 -0.055606 -0.127651 -0.039335 
-0.141123 0.013203 -0.091421 0.135397 -0.031537 0.042420 -0.066522 -0.184057 -0.110991 -0.102933 -0.052167 -0.021404 0.019593 0.158876 -0.012621 -0.204317 -0.141749 0.002734 0.152138 -0.048086 0.059403 -0.002511 -0.053250 0.040216 0.126838 -0.027281 0.035678 0.012384 -0.070776 0.008545 -0.068906 0.054214 
-0.011028 0.216951 -0.122795 0.015710 0.007086 -0.029819 -0.054107 -0.049030 -0.101729 -0.127642 -0.060695 0.062799 0.173739 0.200760 0.008766 -0.149153 0.088457 0.071706 0.016773 0.073610 0.014705 0.253020 0.138890 -0.013668 0.079673 0.134736 0.008446 -0.089794 -0.066613 0.185428 -0.004291 0.129647 
-0.012001 0.057170 -0.072087 0.178015 0.071127 -0.110492 0.236561 -0.158855 0.069913 0.029509 0.042938 -0.045388 -0.019383 -0.179189 -0.123791 -0.142671 -0.077230 0.153212 -0.027938 0.020980 -0.065620 0.037077 0.137702 0.071241 0.142072 0.069707 -0.032808 0.149443 -0.262608 -0.091503 -0.176549 -0.090886 
-0.228195 0.061724 -0.014542 0.021748 0.234180 0.016761 -0.023734 -0.035034 0.038532 0.017673 0.094295 -0.003687 0.074356 -0.023617 -0.164457 -0.033404 -0.006356 0.104963 0.090412 -0.014168 0.012123 0.006561 -0.206340 0.098606 -0.163504 0.003797 -0.095315 0.110237 0.087453 -0.011136 -0.003448 0.154868 
0.040185 -0.173541 0.056872 -0.030538 -0.032576 0.165179 -0.042422 0.121849 0.073936 0.109939 -0.011354 -0.043395 0.056181 -0.087917 -0.118247 0.069029 0.295853 0.143789 -0.095915 -0.185905 0.059458 0.008469 -0.250714 -0.051023 0.175839 0.004327 0.048127 -0.009311 0.080509 0.005493 -0.067816 -0.078661 
-0.061723 -0.033963 0.048873 0.076545 0.123174 0.046049 0.141054 -0.103758 0.041215 0.036769 -0.034686 -0.122169 0.133323 0.024622 -0.077648 0.052262 -0.026906 0.053901 -0.093212 0.081135 0.020645 -0.069952 -0.076608 -0.012586 0.084980 0.141572 0.075151 -0.020431 0.040986 -0.071401 0.144190 -0.037570 
0.207249 0.006724 0.124083 -0.019082 -0.105594 -0.036038 -0.146898 0.334560 -0.113739 -0.021792 -0.102491 0.045829 -0.015622 0.008811 -0.170290 0.114389 -0.000126 0.028515 -0.125376 -0.001457 -0.226055 0.065706 -0.018323 -0.058310 -0.106579 0.126668 0.205021 -0.179557 -0.004928 -0.056883 0.063498 0.061296 
-0.014515 -0.029124 -0.054514 -0.035208 0.100228 -0.083002 0.069077 -0.061825 0.083574 0.080501 0.089468 -0.233536 -0.155480 -0.137832 -0.191942 -0.077309 0.031336 0.034690 -0.108245 -0.051590 0.177185 -0.062996 0.159151 -0.202177 -0.064770 0.011194 -0.063788 0.152537 0.219371 -0.076034 -0.116324 0.271068 
0.078950 -0.097682 0.081718 -0.216724 -0.067349 0.071152 0.152895 0.151662 -0.218082 0.029489 -0.006628 -0.025421 0.036779 0.154228 -0.174913 0.172487 0.093896 0.047695 -0.044390 0.042155 0.000833 0.182794 0.125844 0.053777 -0.139590 0.110096 0.025196 -0.109753 -0.026713 -0.111076 0.001511 0.138233 
-0.038464 0.227385 0.150445 -0.000319 -0.076078 -0.080940 -0.119658 0.134245 -0.092907 0.080309 0.133117 0.154997 0.086366 0.096441 0.112359 -0.118556 0.084808 0.027997 -0.050322 0.089194 -0.052725 0.005671 -0.091345 -0.033175 -0.069849 -0.080824 -0.046294 0.067844 0.044318 -0.127205 0.115982 0.010147 
0.119588 0.113746 -0.080458 0.062137 0.069630 -0.015122 0.018676 -0.127637 -0.063127 0.124632 0.193463 -0.100198 0.126689 0.050694 -0.048248 -0.050094 -0.012605 -0.096273 0.168802 0.084139 -0.187502 0.066767 0.028055 -0.028671 0.010078 0.076847 0.003615 -0.109092 -0.036854 0.041679 0.092316 -0.159989 
0.174791 -0.051298 -0.141127 0.112961 -0.162321 0.012213 -0.055271 0.070998 0.112277 -0.147504 0.002378 0.036852 -0.081997 -0.025178 0.008683 0.031003 -0.102167 -0.081175 -0.013455 0.014820 -0.000359 -0.025833 -0.116900 -0.082384 0.220825 -0.077482 -0.076802 0.111726 -0.032940 0.032643 0.079952 0.103046 
0.002939 -0.064740 0.033442 0.055892 0.036748 0.017283 -0.077985 0.092363 -0.029654 0.055845 0.157168 0.055630 -0.005199 0.222458 0.193936 0.050557 0.047702 0.032871 0.008988 -0.002350 0.020629 -0.022276 -0.024120 -0.003693 -0.024647 -0.012681 0.186874 -0.072600 -0.063457 0.016851 0.037307 -0.027111 
-0.083372 -0.030521 0.082209 0.060798 0.106479 0.214613 0.123414 0.133581 -0.055347 -0.204608 0.029382 0.031852 -0.062191 -0.063130 0.125259 -0.060586 0.063776 0.048250 -0.076878 0.053130 -0.164363 0.023724 0.158913 -0.074929 -0.079983 -0.051617 -0.186382 0.156848 -0.034108 0.033700 -0.021944 -0.049427 
-0.065572 0.027570 0.006496 0.043976 0.179950 0.130891 -0.070031 -0.029460 0.007856 0.064480 0.110523 -0.183376 -0.065658 -0.043235 -0.123125 -0.024543 -0.063602 0.046750 -0.106458 0.029498 -0.025524 -0.039869 0.091338 0.144967 -0.015103 0.052324 0.132108 0.050583 0.074045 0.008132 -0.007838 -0.241173 
-0.018242 -0.201460 0.061415 0.043733 -0.089596 -0.019702 -0.144537 0.034534 -0.045974 -0.030242 0.132518 -0.073937 -0.132692 0.062600 0.104069 -0.077869 0.187017 0.088429 0.105935 -0.132570 0.047873 0.167811 -0.105027 -0.201001 0.020160 0.002179 0.043675 -0.043788 -0.161849 -0.113448 -0.003793 0.109044 
-0.125347 -0.000465 -0.060346 -0.009706 -0.024726 0.036673 0.090753 -0.043850 -0.014523 0.072514 0.039267 -0.120185 -0.038798 0.050697 0.127853 0.055119 0.119307 -0.074126 -0.218895 0.104302 -0.086583 0.086051 0.084148 -0.109126 0.036787 -0.116301 -0.015035 -0.120674 0.086700 0.041917 -0.045695 0.159893 
0.158485 -0.060197 0.092902 -0.046621 -0.101722 -0.041524 0.051225 0.179029 0.035668 0.050792 -0.126437 0.020373 0.140004 0.010409 -0.040030 0.144955 0.017608 0.003971 -0.006742 -0.108291 -0.028651 -0.234391 -0.015088 0.096952 0.018338 0.085109 0.052260 -0.027045 0.173667 0.052761 -0.075793 -0.018450 
0.029667 0.111512 0.107159 -0.012962 -0.067063 -0.074596 -0.304250 0.026590 -0.032946 0.069985 0.105415 0.063497 0.119624 0.066046 -0.012744 -0.093892 -0.134595 -0.116519 -0.108443 -0.170317 0.042677 -0.103208 0.063647 -0.077499 -0.014778 0.160040 0.122488 -0.054669 -0.088416 -0.007552 -0.031005 0.064254 
0.083171 -0.042611 0.272152 0.036161 -0.084272 -0.097136 -0.063864 -0.049704 0.004480 0.272091 0.045376 0.092633 0.046917 -0.108764 -0.017510 -0.023493 -0.090715 0.192124 -0.178473 0.085726 0.035792 -0.064873 0.047765 -0.099237 -0.050365 -0.087662 0.009695 0.055587 0.129430 -0.055453 0.113279 0.187465 
0.063224 -0.020835 0.117719 -0.130752 -0.002566 -0.073461 -0.078415 -0.011249 -0.111437 -0.091806 0.073958 0.058744 0.057693 0.094689 -0.021589 -0.045211 -0.191023 -0.181413 -0.048867 -0.040943 -0.027605 0.082013 0.031462 -0.126637 -0.050199 -0.116145 0.124345 0.036683 -0.056199 -0.026761 0.209703 -0.083878 
-0.038764 -0.133072 0.192081 0.068190 -0.052384 -0.082227 0.042630 -0.202612 0.043735 0.029834 0.112861 0.050508 -0.073445 -0.047513 0.041721 0.042390 -0.003987 -0.010237 0.058415 0.253609 0.062802 -0.085253 -0.040776 -0.073888 0.081020 -0.034101 0.188383 0.118829 -0.118141 -0.091812 -0.132062 -0.104147 
0.091776 0.095015 0.015369 0.188398 0.070842 -0.052295 -0.129197 0.091571 -0.046735 -0.094371 -0.033802 0.036579 0.087309 -0.056448 0.008940 -0.175956 0.025013 0.024264 0.021194 0.014257 -0.219527 0.093809 0.042468 0.098399 0.144543 -0.140339 0.155320 -0.164342 -0.063735 0.026739 0.043759 -0.038064 
-0.017054 -0.262555 0.047133 0.177660 -0.066584 -0.010366 0.236562 -0.012050 -0.137934 -0.151263 0.023876 -0.138126 -0.089794 -0.006722 -0.080447 -0.042458 -0.009917 0.174831 0.020317 -0.115941 0.090400 -0.104836 0.244233 0.017720 0.113035 -0.058576 0.067163 0.006270 -0.039866 0.000385 -0.057836 -0.161134 
-0.134811 0.027981 -0.076539 -0.058159 -0.163665 -0.009516 0.038912 0.073962 0.027207 -0.102067 -0.033840 0.097943 -0.058674 -0.071829 -0.052400 -0.202766 0.051575 -0.076181 -0.111895 -0.108898 -0.159286 0.091601 -0.100205 -0.083732 0.137953 -0.003928 0.177778 -0.080889 0.054302 -0.071855 -0.122143 0.163181 
-0.023730 -0.121148 -0.099253 -0.045404 -0.036968 -0.161224 -0.037571 0.122012 0.021585 0.036166 0.165235 0.134378 0.115794 -0.064229 -0.249343 -0.013918 0.060759 0.053964 0.008886 0.094827 0.054167 0.067445 0.070934 0.071291 0.107772 -0.057410 -0.149196 -0.063602 -0.104650 0.034637 -0.048595 -0.072229 
0.005135 -0.049370 -0.056045 -0.054616 -0.063406 0.033965 0.002861 -0.157171 -0.181930 -0.069294 -0.176891 -0.042546 0.072360 -0.165304 0.144601 -0.006246 0.016693 -0.227652 0.108941 0.012337 -0.024529 -0.085428 -0.045100 -0.150017 0.089348 -0.005455 -0.095844 -0.032749 -0.005943 0.041168 0.001567 -0.188710 
-0.071286 0.097646 0.064657 -0.009390 -0.109864 -0.020139 -0.010239 0.056165 0.023758 -0.017937 -0.017548 0.032714 0.114542 0.202578 -0.072887 0.094118 0.049021 -0.054495 0.018811 -0.149835 0.165209 -0.009282 -0.036170 -0.084520 0.027329 -0.038306 -0.038692 -0.052528 -0.076420 -0.050315 -0.121281 0.114328 
-0.033684 -0.021227 -0.004817 -0.013827 -0.253450 -0.018805 0.036448 -0.067557 0.036031 0.017160 0.008176 -0.031461 0.116186 -0.127047 -0.031160 -0.103624 0.109803 -0.080252 0.096650 -0.141260 -0.195926 0.048907 0.044978 0.221971 -0.076208 -0.088455 0.019617 -0.000945 0.162514 -0.068020 0.136131 -0.132993 
0.003553 0.024086 0.132788 0.155428 -0.008393 -0.064327 0.251541 -0.060078 -0.073375 -0.091141 0.054697 0.003426 0.165309 0.052073 0.070071 0.134193 0.167838 -0.088144 0.053726 -0.028502 0.077376 0.146369 0.027911 0.062347 -0.064336 -0.001762 0.004454 -0.050942 0.198764 0.134937 -0.056775 -0.086149 
0.066293 -0.028500 0.233613 0.143491 -0.208870 0.073817 0.005736 0.053236 -0.006528 -0.049219 0.088319 0.094756 -0.164419 -0.057672 -0.195190 -0.164012 0.070614 -0.055017 0.002870 -0.043135 0.058320 0.072936 -0.000924 -0.169163 0.028850 0.196220 0.067766 0.152786 0.100559 0.105904 -0.084226 0.063920 
0.022641 0.176602 0.117652 -0.103986 0.075799 0.206724 -0.117386 0.167510 0.010071 -0.078738 -0.044893 -0.093664 0.035333 0.042621 -0.199301 0.093238 -0.023020 0.049739 0.137627 0.025004 -0.199514 0.019452 -0.103895 -0.357548 -0.102283 0.125199 -0.027627 -0.033514 -0.000416 -0.064580 -0.122882 -0.044093 
-0.068055 0.227284 0.037064 -0.031330 -0.046642 -0.119681 -0.121358 -0.032197 0.051315 -0.043844 0.000511 0.138862 -0.064370 -0.109700 0.029988 -0.046468 0.197345 0.175181 0.004854 -0.166755 0.051863 -0.102330 -0.180310 0.044105 0.060145 0.003798 -0.081171 0.130295 -0.187268 0.027634 0.049228 -0.008699 
-0.135321 -0.113009 -0.038404 0.134844 0.155431 0.153577 -0.095871 -0.067824 -0.040423 0.049915 -0.078910 -0.080442 -0.059046 0.108051 0.040922 -0.033631 0.019087 0.127682 0.034975 0.060571 0.101823 0.025012 0.008220 0.085917 -0.034713 -0.081511 -0.018985 -0.032516 -0.046973 -0.037066 -0.181455 -0.191626 
-0.122686 -0.000534 0.079023 -0.029511 -0.036414 -0.069305 0.029400 0.075899 0.082019 -0.076760 0.059890 -0.142020 -0.053688 -0.122802 0.176554 -0.005644 0.044018 -0.118853 0.007844 -0.029047 -0.008765 0.076620 -0.021110 -0.012854 -0.011780 0.249222 0.028493 0.077039 0.084465 0.173291 -0.173219 -0.095090 
0.187700 0.148270 -0.043016 0.104284 -0.041598 -0.091304 0.046394 -0.089315 -0.015175 0.023248 -0.078706 -0.035119 0.027417 -0.079687 0.007764 0.086219 0.067376 0.267303 0.075886 -0.007125 0.147529 -0.071908 0.086421 -0.054016 0.056079 -0.128199 -0.099710 -0.051816 0.125654 -0.082377 -0.014236 0.180921 
0.052400 0.025734 -0.037242 0.281435 -0.145772 -0.037509 -0.019704 0.111418 0.004196 -0.206793 0.009888 -0.047318 0.098697 -0.003873 0.095007 0.128305 -0.078152 0.021769 0.150889 -0.079965 -0.141182 -0.017270 -0.047921 0.008094 0.142704 0.104151 0.141640 -0.130997 -0.051479 -0.064286 0.036424 -0.013248 
0.142369 -0.013166 0.049358 0.040219 -0.018598 0.019442 -0.114291 0.120913 0.086308 -0.078093 
-0.058897 0.117760 0.079896 -0.052907 -0.172268 -0.071449 0.189428 -0.113694 -0.136302 -0.154790 
0.061769 -0.141412 -0.018935 -0.043660 -0.101985 -0.124149 -0.019991 -0.140032 0.073993 0.205309 
0.106759 0.023364 -0.117141 -0.008589 -0.138411 0.022285 0.034346 -0.056220 -0.102556 0.051536 
0.134980 -0.052795 0.122107 -0.076520 0.212327 0.075563 -0.057176 0.023023 0.045363 0.003949 
-0.034905 0.111869 -0.121114 -0.051110 0.032360 -0.063224 -0.030110 -0.029921 0.001611 0.093079 
-0.011838 -0.025519 0.074540 0.001989 -0.040828 -0.033465 0.206625 -0.217896 0.171041 -0.063535 
0.054130 0.016876 0.042679 0.040134 -0.117207 -0.027925 0.149080 0.006353 0.056169 0.105791 
0.092627 -0.043208 -0.175491 0.070023 0.014348 -0.078473 -0.179335 -0.054630 -0.001567 -0.050777 
-0.187967 -0.265980 0.055910 0.029276 -0.096604 0.134978 -0.026280 0.076538 0.114489 0.126278 
0.083588 0.217728 0.134165 0.030313 -0.251894 -0.014043 0.091363 -0.072390 -0.141335 0.031452 
-0.057009 -0.271959 -0.197540 -0.041968 -0.135470 -0.063931 -0.105977 -0.127312 -0.105863 -0.051480 
-0.105757 0.040189 0.052717 -0.109184 -0.046849 -0.114598 0.051274 0.170333 0.032494 0.089444 
-0.022720 -0.064101 0.101071 0.006688 0.080222 0.019146 0.014664 -0.125341 0.104705 -0.146039 
0.053308 -0.110338 -0.003029 -0.055224 0.026180 0.024142 -0.069603 0.072499 0.011508 -0.002584 
0.079560 0.162204 0.171599 -0.015560 -0.034640 0.079860 0.064423 -0.012679 -0.066263 0.100524 
-0.105473 -0.079864 -0.032959 0.175907 -0.039786 0.135632 0.027754 -0.022937 0.203042 -0.148801 
0.028913 -0.247868 0.207070 0.142336 -0.077327 0.050758 -0.142847 -0.009535 0.058491 -0.058037 
-0.031925 -0.058558 0.033965 0.116828 -0.101725 -0.114731 -0.055073 -0.029402 0.126632 -0.030787 
-0.120715 -0.034602 -0.034699 -0.072320 0.058692 0.037239 0.072785 0.022681 0.037147 0.120096 
0.052975 0.117883 -0.087594 -0.172503 0.060387 0.200429 -0.118331 0.087556 0.008518 0.011385 
0.023825 0.137550 -0.153639 -0.036906 0.097435 0.037348 -0.051910 0.023450 0.044586 0.058257 
-0.083901 0.099543 -0.078382 -0.149988 0.035220 -0.066204 -0.108037 0.100115 0.016887 -0.016843 
0.013419 0.146673 0.105701 0.062536 -0.185264 0.000444 -0.051797 -0.059894 -0.163028 0.081110 
0.149594 0.024878 -0.149152 -0.046834 -0.072443 0.081966 -0.101271 -0.034568 0.051759 -0.025600 
0.124302 -0.063711 -0.025527 -0.009162 -0.003065 0.120231 0.052139 -0.121185 0.070362 -0.173567 
0.066319 -0.022986 -0.117001 0.070160 -0.072366 -0.036288 -0.024356 -0.027560 -0.041410 0.012346 
-0.001111 0.146129 -0.024359 -0.035115 0.007297 0.078217 0.219731 -0.125478 0.062455 -0.121901 
-0.000491 -0.140071 -0.044613 -0.059263 -0.342797 0.135096 0.089072 -0.138514 0.032343 0.206166 
0.017385 -0.151286 0.015275 -0.046968 0.003569 -0.184024 0.136475 0.006124 -0.100095 0.032487 
-0.056353 0.069826 -0.003046 -0.014744 0.010983 0.165100 -0.073920 0.174233 -0.089057 -0.210647 
-0.031843 -0.067601 0.033051 -0.084083 0.065366 -0.081266 -0.032931 0.126329 -0.069503 -0.131677 
-0.145171 -0.090956 -0.061962 -0.208205 0.264014 -0.124314 -0.030387 -0.071015 0.128954 0.036244 
